2.430749680561689630e+01
4.346978018419334067e-01
-2.490171561792497434e-01
6.943037829816819939e-02
-1.444126135376154751e-01
8.955305905961058119e-03
-8.389590788938267041e-02
-1.007839379004209918e-01
-5.078523299860832063e-02
-7.523916203113080459e-02
-1.002563188573745712e-01
-5.086661510930661628e-02
2.296190059947020908e-03
-3.883525092496491020e-03
1.264633415581300699e-02
2.266044169629317234e-02
-3.467613829110190171e-02
-5.771456625709422278e-02
-9.740413341131503103e-03
4.519234719224912017e-02
4.199124256628321283e-02
5.367740417176145029e-02
-1.829040319956460811e-02
-7.028165520507760611e-02
4.563752001525007984e-02
3.649446534198991926e-02
-3.271740530510684752e-02
-9.557844964984214819e-02
-5.544561495648438199e-02
-2.297549154814612984e-02
2.499133776944896523e-02
6.634298374442609836e-02
6.416988303985907138e-02
2.194341981192582738e-02
1.938312933685439401e-02
-1.607756496610290506e-02
-1.900407644860700393e-02
-5.178316100367157115e-02
-8.214861208093279105e-03
6.017543690659764993e-02
