2.574800618052021051e+01
-3.557217204313183889e-01
-1.777261486438156957e-01
3.583184014421301744e-01
-8.327776422176946802e-02
1.902293870585343785e-02
-3.541697811102247073e-02
3.043649997458336073e-02
7.845996817750564012e-02
1.964551214950246982e-02
8.938612086542811752e-02
1.214444198955194620e-02
3.657610042019061869e-02
2.350546758062494260e-02
-6.014547582269850340e-02
4.230735276747860096e-02
2.227288096884721610e-02
1.837726989407415662e-02
5.945442379397683844e-03
6.514354551361642301e-04
2.272121688523670580e-02
2.455252832959830449e-04
-4.123581097109927512e-02
-6.211278003840639550e-02
3.200797472214182270e-04
3.231293093288018642e-02
5.164106328261747897e-02
1.466132042936749320e-02
-1.064266278260432227e-02
-2.304682955908581368e-02
-5.438418185584235898e-03
-9.807017347368020971e-03
2.790826336547541295e-03
-1.289940252447241593e-02
-2.813895702895218356e-02
-9.938751599759751421e-03
-8.510067266363821256e-03
5.540462675786909409e-03
2.057354962155368006e-02
2.369662700163176206e-02
